0 
1 
2 
3 
4 
5 
6 
7 
8 
9 
10 
11 
12 
13 
14 
15 
16 
17 
18 
19 
20 
21 
1.0 202.11 0.79 4.26 
1.0 236.55 0.95 4.92 
1.0 155.72 0.88 3.2 
1.0 186.33 0.9 3.8 
1.0 265.89 0.91 5.53 
1.0 134.26 0.79 2.71 
1.0 83.04 0.91 1.64 
22 
1.0 129.8 0.84 1.79 
1.0 102.82 0.91 1.5 
1.0 172.38 0.96 2.44 
1.0 166.82 0.87 2.3 
1.0 137.6 0.95 2.06 
1.0 200.76 0.96 2.86 
1.0 263.88 1.0 3.82 
23 
1.0 180.65 0.84 2.79 
1.0 213.63 0.97 3.2 
1.0 334.88 0.92 5.2 
1.0 341.74 1.0 5.23 
1.0 289.14 0.97 4.45 
1.0 450.11 0.96 6.96 
1.0 361.85 0.95 5.68 
24 
25 
1.0 371.17 0.89 4.68 
1.0 274.36 0.77 3.58 
1.0 385.23 0.96 5.0 
1.0 420.77 0.9 5.43 
1.0 133.85 0.88 1.72 
1.0 302.35 0.93 3.71 
1.0 482.32 0.95 6.09 
26 
1.0 314.76 0.89 7.05 
1.0 160.34 0.97 3.55 
1.0 347.75 0.92 7.64 
1.0 306.78 0.97 6.77 
1.0 382.66 1.0 8.47 
1.0 598.06 1.0 13.29 
1.0 601.71 1.0 13.41 
27 
1.0 111.54 0.89 1.79 
1.0 181.09 0.94 2.98 
1.0 441.46 1.0 7.24 
1.0 260.43 0.9 4.3 
1.0 201.14 0.91 3.23 
1.0 273.55 0.93 4.57 
1.0 224.95 0.91 3.59 
